Cities: 4.29876
Others: 4.29876
