Cities: 5.63974
Others: 5.63974
