Cities: 5.14447
Others: 5.14447
