Cities: 5.86882
Others: 5.86882
