Cities: 4.12454
Others: 4.12454
