Cities: 6.45111
Others: 6.45111
