Cities: 6.17349
Others: 6.17349
