Cities: 3.60605
Others: 3.60605
