Cities: 10.83266
Others: 10.83266
