Cities: 10.61355
Others: 10.61355
