Cities: 9.96307
Others: 9.96307
