Cities: 11.45542
Others: 11.45542
