Cities: 9.27795
Others: 9.27795
