Cities: 12.12271
Others: 12.12271
