Cities: 11.67027
Others: 11.67027
