Cities: 10.69189
Others: 10.69189
