Cities: 11.49038
Others: 11.49038
