Cities: 11.12701
Others: 11.12701
