Cities: 21.11554
Others: 21.11554
