Cities: 19.79804
Others: 19.79804
