Cities: 18.20902
Others: 18.20902
