Cities: 18.61435
Others: 18.61435
