Cities: 19.19109
Others: 19.19109
