Cities: 18.98576
Others: 18.98576
