Cities: 20.85652
Others: 20.85652
