Cities: 19.12043
Others: 19.12043
