Cities: 20.64522
Others: 20.64522
