Cities: 19.13076
Others: 19.13076
